Version 0.9.7
5
 4 10 175 77 128 0 1
 5 80 400 206 81 2 2
 0 199 120 877 276 8 3
 1 287 538 206 81 160 6
 3 681 409 203 58 184 7
 0
22
 255 5 71 189 71 189 71 147 71 147 252 147 252 147 0 1 0 3
 255 5 356 147 356 147 356 147 356 225 356 225 356 225 0 3 0 3
 255 5 577 147 577 147 577 147 577 225 577 225 577 225 0 3 0 3
 0 5 71 288 71 288 71 381 71 381 252 381 252 381 0 1 0 3
 0 5 434 290 434 290 434 290 434 381 434 381 434 381 0 3 0 3
 0 5 655 290 655 290 655 290 655 381 655 381 655 381 0 3 0 3
 255 5 1019 147 1019 147 1090 147 1090 368 1019 368 1019 368 0 3 0 3
 255 5 278 368 278 368 278 549 278 549 302 549 302 549 0 3 0 6
 0 5 265 381 265 381 265 607 265 607 302 607 302 607 0 3 0 6
 16711680 5 343 549 343 549 356 549 356 549 356 290 356 290 0 6 0 3
 16711680 5 362 549 362 549 369 549 369 549 369 290 369 290 0 6 0 3
 65280 5 382 290 383 290 383 460 727 460 727 453 727 453 0 3 0 7
 16711680 5 343 562 343 562 343 422 577 422 577 290 577 290 0 6 0 3
 16711680 5 362 562 362 562 362 432 590 432 590 290 590 290 0 6 0 3
 65280 5 603 290 603 290 603 474 747 474 747 453 747 453 0 3 0 7
 0 5 668 381 668 381 668 381 668 446 692 446 692 446 0 3 0 7
 16711680 5 381 549 381 549 390 549 390 290 395 290 395 290 0 6 0 3
 16711680 5 400 549 400 549 400 290 400 290 408 290 408 290 0 6 0 3
 65280 5 421 290 421 290 421 484 767 484 767 453 767 453 0 3 0 7
 16711680 5 381 562 381 562 381 524 616 524 616 290 616 290 0 6 0 3
 16711680 5 400 562 400 562 400 533 629 533 629 290 629 290 0 6 0 3
 65280 5 642 290 642 290 642 497 787 497 787 453 787 453 0 3 0 7
2
 7008 1 14 571 238 5 0 0 8236 3
 7086 1 14 350 238 5 0 0 8236 3
