Version 0.9.7
5
 4 10 175 77 128 0 1
 5 80 400 206 81 2 2
 0 199 120 877 276 8 3
 1 287 538 206 81 140 6
 3 864 446 203 58 150 7
 0
24
 255 5 71 189 71 189 71 147 71 147 252 147 252 147 0 1 0 3
 255 5 356 147 356 147 356 147 356 225 356 225 356 225 0 3 0 3
 0 5 71 288 71 288 71 381 71 381 252 381 252 381 0 1 0 3
 0 5 434 290 434 290 434 290 434 381 434 381 434 381 0 3 0 3
 255 5 1019 147 1019 147 1090 147 1090 368 1019 368 1019 368 0 3 0 3
 255 5 278 368 278 368 278 549 278 549 302 549 302 549 0 3 0 6
 0 5 265 381 265 381 265 607 265 607 302 607 302 607 0 3 0 6
 0 5 668 381 668 381 689 381 689 483 875 483 875 483 0 3 0 7
 16711680 5 343 549 343 549 343 290 343 290 356 290 356 290 0 6 0 3
 16711680 5 362 549 362 549 362 290 362 290 369 290 369 290 0 6 0 3
 0 5 694 381 694 381 694 381 694 290 694 290 694 290 0 3 0 3
 255 5 616 225 616 225 616 225 616 147 616 147 616 147 0 3 0 3
 255 5 863 225 863 225 863 225 863 147 863 147 863 147 0 3 0 3
 0 5 941 290 941 290 941 290 941 381 941 381 941 381 0 3 0 3
 16711680 5 343 562 343 556 618 556 618 290 616 290 616 290 0 6 0 3
 16711680 5 362 562 362 565 628 565 628 290 629 290 629 290 0 6 0 3
 33023 5 381 549 381 549 402 549 402 290 408 290 408 290 0 6 0 3
 65280 5 382 290 382 290 382 290 395 290 395 290 395 290 0 3 0 3
 65280 5 395 303 395 303 395 403 655 403 655 290 655 290 0 3 0 3
 65280 5 642 290 642 290 642 355 863 355 863 290 863 290 0 3 0 3
 33023 5 408 303 408 303 408 394 667 394 667 290 668 290 0 3 0 3
 65280 5 681 290 681 290 681 364 876 364 876 290 876 290 0 3 0 3
 65280 5 421 290 421 290 421 508 910 508 910 490 910 490 0 3 0 7
 33023 5 889 290 889 438 1074 438 1074 489 1050 489 1050 490 0 3 0 7
3
 7008 1 14 610 238 5 0 0 8236 3
 7086 1 14 350 238 5 0 0 8236 3
 7032 1 14 857 238 5 0 0 8236 3
